1.153
1.159
1.174
1.176
1.176
1.180
1.183
1.183
1.202
1.202
1.216
1.222
1.226
1.227
1.234
1.240
1.251
1.254
1.256
1.268
1.276
1.279
1.280
1.281
1.295
1.297
1.299
1.300
1.304
1.310
1.320
1.320
1.321
1.323
1.324
1.333
1.337
1.342
1.343
1.353
1.355
1.363
1.380
1.380
1.382
1.393
1.394
1.399
1.413
1.413
1.416
1.434
1.438
1.444
1.448
1.450
1.468
1.476
1.477
1.477
1.480
1.493
1.510
1.522
1.540
1.546
1.549
1.551
1.569
1.570
1.574
1.584
1.596
1.598
1.605
1.610
1.629
1.637
1.640
1.659
1.690
1.705
1.745
1.759
1.774
1.819
1.838
1.944
1.951
1.984
1.993
2.010
2.067
2.256
2.270
2.270
2.420
2.445
10.118
11.362
