1.329
1.363
1.394
1.395
1.404
1.405
1.407
1.410
1.427
1.429
1.431
1.434
1.437
1.449
1.450
1.453
1.454
1.459
1.463
1.465
1.466
1.467
1.467
1.474
1.480
1.484
1.484
1.486
1.489
1.490
1.494
1.498
1.499
1.514
1.516
1.525
1.526
1.530
1.534
1.534
1.537
1.538
1.539
1.539
1.547
1.557
1.563
1.572
1.574
1.575
1.577
1.585
1.586
1.587
1.587
1.587
1.587
1.597
1.598
1.607
1.608
1.611
1.613
1.618
1.625
1.649
1.652
1.658
1.658
1.664
1.671
1.680
1.693
1.697
1.701
1.704
1.706
1.746
1.773
1.776
1.835
1.849
1.858
1.860
1.876
1.877
1.913
1.972
1.988
2.000
2.047
2.063
2.082
2.304
2.434
2.530
3.195
3.540
3.966
11.324
